%YAML:1.0


cam0:
  T_cam_imu:
    - [-0.9998761771972654, 0.002831174545748783, 0.015479493663382282, 0.009847737933630705]
    - [-0.0029326606695474597, -0.999974330610803, -0.0065374016913607265, 0.004044777973851876]
    - [0.015460587788970944, -0.006581988314211809, 0.9998588138607628, -0.015241042987496874]
    - [0.0, 0.0, 0.0, 1.0]
  cam_overlaps: []
  camera_model: pinhole
  distortion_coeffs: [-0.003269003229949738, 0.05405258144204682, -0.05159409563898941, 0.010749180190267004]
  distortion_model: equidistant
  intrinsics: [282.019963259348, 280.7145153126385, 415.9558137753508, 396.6613771975339]
  resolution: [848, 800]
  rostopic: /t265/fisheye1/image_raw
  timeshift_cam_imu: 0.005618603727452336


